100
7227756 35
2268457 29
4902403 60
1647420 82
596451 62
6378629 87
8950076 34
3570384 50
5128620 47
3743011 12
5700137 12
1714069 98
845684 99
4453936 51
6034659 0
3987570 35
8896073 60
6721871 12
8662963 62
3149937 69
8443078 83
3217680 88
5623244 77
6232405 11
4367882 37
3945622 13
845774 45
3928986 52
7645505 3
4038022 53
6159214 52
164644 74
1221157 29
4880405 50
9983570 87
5144486 11
3524513 83
4513307 43
4943577 60
5087865 72
1443068 68
1295004 25
9206184 5
4772832 82
198170 27
6346989 72
3923238 88
291238 99
3163036 66
9711451 92
9809920 28
3880254 49
3848584 82
9230460 88
8739770 54
2894944 19
8200862 17
4605566 20
7095838 20
395232 89
1709045 71
139036 56
9840769 67
4993930 86
1336592 94
9690671 98
2575672 61
7252495 69
3680720 24
9141556 81
6136477 29
7292919 27
5720243 75
878725 55
8914395 59
4414369 57
3346292 57
1421940 46
2533975 38
6883147 4
9886836 9
558068 95
8226446 55
948505 61
2910931 0
6222571 93
4767991 40
373205 12
1858109 57
9754609 40
6594934 30
9751200 44
8946607 36
9793413 38
4821232 52
5779412 66
928694 24
9144988 91
8170227 84
6976006 23
