1000
6371614 336
2885326 210
742360 606
4008796 79
8320300 370
7491934 123
5009615 265
5899438 389
2167343 468
615693 783
4888352 890
321510 975
7204509 900
3893764 706
223805 499
1368040 159
5998190 620
7222994 447
1102426 431
7458047 295
9771310 149
8432562 867
9903159 607
9146197 755
5045341 518
8727700 511
428824 302
920854 218
6626834 385
5332673 216
1103760 1000
684756 778
9098762 794
44202 325
4640362 412
3095183 441
1809744 509
4622323 811
4076517 281
2973078 748
9766676 1000
836112 338
1839589 686
4499509 64
5590442 535
3070466 677
8492513 698
1683838 222
6124038 84
6127049 501
8018250 768
8661135 580
1289219 787
383659 635
3791500 721
2309957 542
3943289 913
6128004 277
1675412 768
2356944 694
8492017 71
3218812 816
3742319 673
7380423 573
8722065 484
3131751 951
4604499 179
8467311 859
2201033 248
7281746 404
1425735 569
9171431 515
9672590 860
2625996 963
991221 984
3352964 892
2540143 948
9510187 982
4966879 496
7679707 975
7909842 823
6471891 570
8704235 820
407771 678
7309241 533
681096 538
6907912 154
3007447 600
1990952 351
5705915 935
6519108 840
5731137 364
3493229 641
1503082 60
2750859 340
7370600 736
6734669 869
3369644 630
1672428 482
9157503 527
5805268 57
6052907 883
4760689 644
1466331 294
3399911 688
1986507 534
8503177 998
6024504 868
9484036 615
743659 881
9774528 955
7978598 555
2653704 339
7042008 889
6458841 783
6814524 734
2693541 796
8006322 788
7426418 639
1847411 895
4793262 946
640363 85
6148292 605
2254978 797
1411424 258
680515 122
9409073 223
7300534 606
6742820 677
96937 548
6539412 918
2960846 969
1791102 515
8447662 546
3235601 25
4300538 299
2210863 35
2685368 539
7023884 943
3188589 299
975669 458
6191325 946
6659986 868
5169707 241
5482894 328
7299059 533
5733856 901
5274073 719
5197898 325
4028495 83
8788240 800
7589676 597
8034848 65
2657852 780
7984730 415
4477078 474
7725043 243
9310415 997
5825274 296
4592549 346
5682946 402
21043 917
5624405 243
2787895 237
2472074 16
9799798 797
9773185 95
9459122 702
7435921 301
9830915 402
4141050 552
9002310 156
3961030 40
4717578 260
9920072 303
4352653 517
3469370 362
8256747 530
4893461 814
6680334 67
432193 496
6702413 912
2706325 126
7338572 14
437103 803
2171825 330
562945 518
4054764 996
7391554 450
6532693 252
8423258 880
2317318 452
5871835 20
8884157 248
4684595 255
412021 191
8531664 149
1923817 205
1706937 487
4884723 495
3061036 885
8922786 674
6446564 774
6761953 620
1649003 985
5929388 365
6510396 275
1017042 19
9176962 418
2841924 832
3788724 258
1360404 717
514003 783
4526724 329
1795255 590
3277476 940
2979697 700
489457 399
4489603 808
2035288 623
9148122 470
2646643 11
3668813 54
983319 461
3924966 187
2235664 620
1838351 213
5644333 837
1575163 989
5171984 998
4756034 286
6816862 833
4156373 3
3769968 188
5562598 736
5307840 537
4636627 415
8104038 414
9158771 836
4121850 158
8852332 32
8793721 106
7250475 306
8582783 49
3386888 602
4637923 40
5080643 545
7588992 40
9116554 31
8530107 659
9266924 162
8476753 512
6315972 146
1123214 73
8406511 175
9722694 60
1449836 282
2711692 256
1339624 379
800370 268
1663385 493
6727207 609
4759523 354
4567162 118
5404680 82
1057744 787
4316443 115
5471652 613
1883531 12
7045408 549
4595827 144
538343 776
9760372 83
8816735 400
5227573 686
3771087 831
8253390 498
2412333 626
8051892 462
7190957 64
8264089 776
9218185 760
71238 730
9935761 414
9909348 882
2173620 461
238119 109
2887373 822
5491362 784
6592958 929
1362139 284
5093927 684
3614872 888
1116079 177
2493640 509
2487566 441
9035037 680
5335719 898
1188205 260
6163212 879
6121185 288
3725349 158
9027550 443
7143777 791
3287148 2
4968980 659
4192068 566
1291651 244
853555 681
329720 890
7814680 874
3368829 660
4985713 867
3820787 298
5577286 352
6120960 476
3467839 601
7719055 169
4324475 257
391650 161
7584834 448
8295184 138
1019017 484
129305 694
8930933 411
4479742 417
3969823 872
3387605 12
9906371 656
4089996 305
7188567 194
3701284 627
7440772 746
2386953 29
4299986 19
1418881 281
4084509 379
9539246 469
9289825 551
8789138 481
9396382 745
5558845 685
9441943 297
8707918 119
6016938 270
6134927 462
7181043 611
5673709 223
2524155 8
8260944 830
4668337 391
25321 892
5366556 854
426739 600
8739861 102
6986184 635
4601910 17
2776793 818
5694761 744
506583 700
292783 810
8547926 867
6696902 703
3972480 380
5664750 151
7436423 987
8836338 349
5452117 53
8061887 796
6493004 761
8743486 937
1325441 826
3951603 343
703201 698
6110371 532
3117550 892
6811979 895
7368307 33
934948 190
5176030 689
793456 908
2410979 277
2552594 569
2334893 671
9237324 675
1885233 97
5467017 140
7914982 725
3409290 749
9665322 507
9156499 161
5143762 582
2998352 872
1376019 831
8063540 205
276274 272
5972144 222
3779121 111
5190049 645
8028862 755
5048807 720
2280591 762
178218 105
7005702 787
475277 3
8923151 959
6072094 328
2445614 344
8720594 80
9263588 480
669707 343
5117055 646
9624953 873
5955045 515
6086616 417
9238582 654
9851931 148
804060 64
5013773 62
8889722 311
6596923 219
269129 452
8748218 725
5092027 503
6280920 235
275322 605
5614630 959
8661397 705
5935785 597
9684856 102
1328273 8
1899104 974
599023 658
9109786 512
6229118 713
8039988 782
9649666 309
4940444 333
2024270 811
4217012 788
4248423 294
539889 927
6415395 518
9171669 117
5743826 291
1631518 157
3571001 550
3444217 124
6459539 427
3817141 380
5385877 413
6617794 293
3885160 525
2777247 481
5891623 223
9882850 689
4311995 414
189818 828
2713822 455
1891549 955
2203384 582
5835791 586
4276255 546
9275367 946
2903882 329
745127 966
1713179 179
2018690 894
1153831 208
8868236 379
6620508 519
5172985 618
116493 31
7926027 388
3489530 177
9849812 202
4528892 124
872414 812
9422400 442
6154272 282
5910925 770
5241251 301
4764464 819
4988012 208
5190578 284
8471531 615
225868 882
4976270 3
2182736 387
3764840 694
7105098 988
2816237 373
3076685 750
6963314 902
4061211 626
8111946 577
9058280 881
3673589 11
5379705 523
6508340 637
6269284 632
9024918 276
204320 892
7021948 95
6115379 106
7111284 874
1926784 776
3911925 105
5390856 601
7733251 37
7175333 359
1793134 590
7819316 696
9585845 403
6269124 730
1416655 664
7719672 673
1376700 26
3056895 101
3641135 427
1775702 178
6534379 18
5702380 620
3720038 436
9978433 192
8748336 466
3967485 107
5379346 683
5184456 490
3665393 701
1428822 365
68745 952
2282444 797
9257405 572
6307178 138
6104644 642
4751705 77
9295165 275
860017 71
5570373 641
4214853 121
9693621 844
3981344 441
3891980 144
2792868 887
6093675 386
7694386 4
9603782 750
4937997 504
8847914 643
1519199 82
9465203 4
6999066 823
2469689 534
8128099 503
9790187 167
5521843 567
1344602 160
1627189 245
4737114 15
3111573 645
8565427 674
771077 633
9454745 943
3849995 182
8077115 172
573430 945
8457424 956
58887 405
378623 317
2966797 884
8916601 712
4447001 905
9106176 376
8683268 99
6003759 403
4883647 658
7160995 783
3738130 251
483610 10
3001125 586
6470349 649
5959470 733
8541431 291
7504759 517
8256743 468
6163948 242
7141067 59
1527057 796
1385498 387
8918051 753
9301532 136
799055 689
9649564 661
6753896 781
5130459 491
500246 726
275361 654
1469726 837
9141629 124
7540934 679
4700963 886
3757703 792
308334 155
2517366 174
8639293 920
4769875 99
2938544 66
3685190 838
7109332 834
2396554 170
5897898 238
4935447 291
9123703 965
3467484 226
8357419 430
6518623 917
7656927 443
2790517 429
8437392 861
8599025 317
2526061 262
5172917 635
2051795 489
1107036 466
2144503 337
8772743 791
3423536 848
3760803 409
25569 690
9695671 65
2714159 884
3429153 210
1623049 702
2788006 884
5761227 548
8923877 45
2144975 984
9439045 235
9371321 789
9108019 2
6669427 456
8213364 178
2166628 555
7530612 774
7650797 262
6665639 253
8350857 309
2064981 700
3271717 362
8903650 753
9725919 937
9667386 186
5364971 257
1794288 735
2542672 74
5557773 888
2372653 866
6635370 804
2442904 157
9749174 628
1544058 873
6841334 69
7880802 635
1540602 296
8389473 393
1937819 621
8879947 902
1134074 540
3339648 782
5174269 686
9265487 551
8092848 816
5108406 468
8954997 596
6601784 848
4805002 181
7555428 957
1645070 910
8319215 308
3558552 527
8337558 160
4323772 957
9306018 100
3819939 129
2327125 608
5290918 556
3208803 8
8991039 596
8655857 25
6587684 930
374635 586
2321328 968
6249673 649
4777343 475
8810264 353
9854413 418
4443038 140
8994069 879
2626660 254
701657 620
3755239 396
3037198 656
443690 286
4022988 335
312026 542
2960483 948
9919266 379
1542744 518
2079308 36
1956518 718
2533905 486
4229304 929
4770808 234
744587 144
204380 363
1644082 407
5315014 888
1643205 103
8777637 690
5708509 641
2506133 469
9949077 201
7370349 900
9597201 735
936585 632
5471208 444
9711821 416
5027963 235
6299955 32
3039455 520
952392 15
3154942 928
1661530 45
9907304 858
8443354 173
2042546 120
8218376 230
1783361 382
56913 372
6773306 188
4660486 54
9122692 419
294984 660
1886808 777
7293825 479
9083476 591
1479452 621
7786507 733
8608859 824
7348168 206
7644040 65
6436067 948
3464199 721
8401536 924
1900678 542
2737865 537
3932730 976
9862419 301
5042501 255
6234482 321
7771411 298
8470161 474
9831363 129
9548291 563
474193 280
916988 511
3428884 402
8936153 523
3178317 528
5620397 89
2388929 455
4094551 915
1131393 891
1333325 853
4147099 729
2126484 217
4928903 341
7175134 498
3607439 15
3827016 55
903430 731
9967864 409
2295978 75
5646917 210
4088086 960
9381084 997
6678644 770
7290195 695
4032311 10
3411499 831
8064508 398
2473858 222
763822 149
4106625 978
4476161 166
3401922 370
4255916 606
4763761 473
3773743 240
753690 494
1774196 919
2387943 601
6704270 200
366337 223
62487 691
797107 477
4124750 746
7105370 526
5211400 399
1137567 986
5771838 897
191734 148
9979921 906
1194320 546
9486173 665
1583079 747
7652907 408
669117 44
7665941 688
5684781 646
7434139 437
4313166 671
3262344 96
2361945 667
6231376 376
8190233 516
545411 178
6718302 296
3441108 150
6730406 740
8727353 318
5606083 128
4410455 136
1406303 178
2111031 86
1324239 3
4275164 264
1963870 39
7433235 923
733245 847
4570256 764
1423658 281
2076672 531
4997933 175
5975245 445
5383676 704
2228983 277
6657350 899
9764977 435
7017803 224
4292087 943
6997670 289
7679239 901
341826 775
3079071 328
4394045 641
7042375 542
5697649 630
7465968 861
9841670 358
6348294 167
1809385 987
7820780 698
2204141 714
1682217 90
4349787 872
4066061 499
8717596 473
6665826 563
8205666 103
7524931 587
2288195 765
7097579 687
4627161 766
8640509 5
7526961 267
2772766 993
2932151 956
9481745 557
8110913 182
8253486 685
5894870 612
6782745 651
9980384 697
7866772 551
9169808 452
661216 692
7873937 662
1512367 737
9567910 20
5084628 702
3447649 374
8841934 850
7119389 855
8796254 784
1184820 368
6530690 177
4539718 159
2774457 989
232924 795
5271959 296
1050202 926
5957090 796
5906676 909
96261 950
4563724 348
9718764 343
995600 345
6313864 1
1180900 69
2335032 821
8492733 529
3853093 181
3532413 382
6359097 666
6086254 828
7944880 310
7158801 126
653385 475
9910677 362
5594637 839
6987567 794
6842006 573
4418649 20
4142709 183
9231399 783
2971197 343
100094 445
595234 123
1013636 36
21445 67
434074 533
3862439 809
5147650 879
1670305 608
4258322 555
9153740 487
4997114 621
8042840 573
7463586 434
2521927 52
1712768 477
2042118 574
487101 417
4072981 207
8384061 820
7520140 222
9628359 121
9134916 729
131213 204
5777244 974
8027521 520
2984368 151
3808264 247
9445691 33
2471165 32
9383839 823
209104 249
1023869 109
7827236 634
3156596 526
5740452 526
6698785 362
2328640 167
6554561 748
3358147 712
883994 613
181390 782
331515 783
8658291 125
6621775 152
9869303 143
294742 865
5667168 592
3111383 273
893421 139
8125759 358
5036437 627
4044544 236
6381572 809
1918533 960
1597692 620
855178 976
6174129 115
4784821 552
5043724 117
1316038 102
975358 591
9504855 738
7185088 804
2122197 599
5923054 475
9613249 531
892167 18
3991073 392
2285637 469
4872834 783
2684517 178
3884777 461
